\Problem name: 

Minimize
OBJROW: 9.68627 t(0,1) + 11.68627 t(1,2) + 23.68627 t(0,0) + 13.68627 t(0,2) + 2.98039 t(2,1) + 15.68627 t(2,2) + 18.68627 t(1,1)
Subject To
c(0):  24 t(1,2) + 14 t(0,0) + 4 t(0,2) + 4 t(2,1) + 14 t(2,2) + 24 t(1,1) >= 1
c(1):  14 t(1,2) + 14 t(0,0) + 4 t(0,2) + 21 t(2,1) + 16 t(2,0) + 21 t(2,2) + 14 t(1,1) >= 1
c(2):  20 t(0,1) + 6 t(1,2) + 20 t(0,0) + 20 t(0,2) + 24 t(2,1) + 30 t(2,2) + 13 t(1,1) >= 1
c(3):  9 t(0,1) + 29 t(1,2) + 19 t(0,0) + 19 t(0,2) + 2 t(2,1) + 9 t(2,2) + 29 t(1,1) >= 1
c(4):  20 t(0,1) + 6 t(1,2) + 23 t(0,0) + 23 t(0,2) + 2 t(2,1) + 13 t(2,2) + 13 t(1,1) >= 1
c(5):  6 t(1,2) + 30 t(0,0) + 30 t(0,2) + 20 t(2,1) + 20 t(2,2) + 13 t(1,1) >= 1
c(6):  9 t(0,1) + 6 t(1,2) + 14 t(0,0) + 13 t(0,2) + 2 t(2,1) + 23 t(2,2) + 13 t(1,1) >= 1
c(7):  6 t(1,2) + 14 t(0,0) + 13 t(0,2) + 20 t(2,1) + 16 t(2,0) + 23 t(2,2) + 13 t(1,1) >= 1
c(8):  6 t(1,2) + 14 t(0,0) + 13 t(0,2) + 16 t(2,1) + 16 t(2,0) + 23 t(2,2) + 23 t(1,1) >= 1
c(9):  9 t(0,1) + 6 t(1,2) + 23 t(0,0) + 23 t(0,2) + 2 t(2,1) + 13 t(2,2) + 13 t(1,1) >= 1
c(10):  20 t(0,1) + 6 t(1,2) + 34 t(0,0) + 34 t(0,2) + 24 t(2,1) + 24 t(2,2) + 13 t(1,1) >= 1
c(11):  26 t(0,1) + 19 t(1,2) + 26 t(0,0) + 26 t(0,2) + 2 t(2,1) + 9 t(2,2) + 19 t(1,1) >= 1
c(12):  14 t(1,2) + 14 t(0,0) + 4 t(0,2) + 16 t(2,1) + 16 t(2,0) + 21 t(2,2) + 23 t(1,1) >= 1
c(13):  9 t(0,1) + 19 t(1,2) + 14 t(0,0) + 9 t(0,2) + 2 t(2,1) + 26 t(2,2) + 19 t(1,1) >= 1
c(14):  19 t(1,2) + 26 t(0,0) + 26 t(0,2) + 4 t(2,1) + 9 t(2,2) + 19 t(1,1) >= 1
c(15):  14 t(1,2) + 14 t(0,0) + 4 t(0,2) + 21 t(2,1) + 21 t(2,2) + 14 t(1,1) >= 1
c(16):  26 t(1,2) + 14 t(0,0) + 4 t(0,2) + 16 t(2,1) + 16 t(2,0) + 16 t(2,2) + 26 t(1,1) >= 1
c(17):  29 t(1,2) + 19 t(0,0) + 19 t(0,2) + 4 t(2,1) + 9 t(2,2) + 29 t(1,1) >= 1
c(18):  20 t(0,1) + 6 t(1,2) + 20 t(0,0) + 20 t(0,2) + 24 t(2,1) + 22 t(2,0) + 30 t(2,2) + 13 t(1,1) >= 1
c(19):  9 t(0,1) + 29 t(1,2) + 14 t(0,0) + 9 t(0,2) + 2 t(2,1) + 19 t(2,2) + 29 t(1,1) >= 1
c(20):  6 t(1,2) + 14 t(0,0) + 13 t(0,2) + 4 t(2,1) + 23 t(2,2) + 13 t(1,1) >= 1
c(21):  6 t(1,2) + 23 t(0,0) + 23 t(0,2) + 4 t(2,1) + 13 t(2,2) + 13 t(1,1) >= 1
c(22):  27 t(0,1) + 6 t(1,2) + 27 t(0,0) + 27 t(0,2) + 20 t(2,1) + 37 t(2,2) + 13 t(1,1) >= 1
c(23):  14 t(1,2) + 14 t(0,0) + 4 t(0,2) + 4 t(2,1) + 21 t(2,2) + 14 t(1,1) >= 1
c(24):  6 t(1,2) + 14 t(0,0) + 13 t(0,2) + 20 t(2,1) + 23 t(2,2) + 13 t(1,1) >= 1
c(25):  20 t(0,1) + 6 t(1,2) + 20 t(0,0) + 20 t(0,2) + 2 t(2,1) + 30 t(2,2) + 13 t(1,1) >= 1
c(26):  27 t(0,1) + 6 t(1,2) + 30 t(0,0) + 30 t(0,2) + 20 t(2,1) + 20 t(2,2) + 13 t(1,1) >= 1
c(27):  9 t(0,1) + 19 t(1,2) + 26 t(0,0) + 26 t(0,2) + 2 t(2,1) + 9 t(2,2) + 19 t(1,1) >= 1
Bounds
End
