\ LP format - for model browsing. Use MPS format to capture full model detail.
Minimize
  5.611111111111111 t(0,1) + 19.61111111111111 t(0,0)
   + 5.611111111111111 t(2,1) + 18.61111111111111 t(2,0)
   + 6.611111111111112 t(1,1)
Subject To
 c(0): 15 t(0,0) + 11 t(2,1) + 13 t(2,0) + 7 t(1,1) >= 1
 c(1): 11 t(0,1) + 14 t(0,0) + 15 t(2,0) + 7 t(1,1) >= 1
 c(2): 11 t(0,1) + 15 t(0,0) + 4 t(2,1) + 13 t(2,0) >= 1
 c(3): 14 t(0,0) + 7 t(2,1) + 15 t(2,0) + 14 t(1,1) >= 1
 c(4): 7 t(0,1) + 14 t(0,0) + 15 t(2,0) + 14 t(1,1) >= 1
 c(5): 15 t(0,0) + 7 t(2,1) + 13 t(2,0) + 14 t(1,1) >= 1
 c(6): 7 t(0,1) + 15 t(0,0) + 13 t(2,0) + 14 t(1,1) >= 1
 c(7): 4 t(0,1) + 15 t(0,0) + 11 t(2,1) + 13 t(2,0) >= 1
 c(8): 14 t(0,0) + 11 t(2,1) + 15 t(2,0) + 7 t(1,1) >= 1
 c(9): 4 t(0,1) + 14 t(0,0) + 11 t(2,1) + 15 t(2,0) >= 1
 c(10): 11 t(0,1) + 15 t(0,0) + 13 t(2,0) + 7 t(1,1) >= 1
 c(11): 11 t(0,1) + 14 t(0,0) + 4 t(2,1) + 15 t(2,0) >= 1
Bounds
End
