\ LP format - for model browsing. Use MPS format to capture full model detail.
Minimize
  19.61111111111111 t(0,0) + 18.61111111111111 t(2,0)
   + 5.611111111111114 t(0,1) + 6.611111111111114 t(1,1)
   + 5.611111111111112 t(2,1)
Subject To
 c(0): 14 t(0,0) + 24 t(2,0) + 7 t(1,1) + 11 t(2,1) >= 1
 c(1): 14 t(0,0) + 20 t(2,0) + 14 t(1,1) + 7 t(2,1) >= 1
 c(2): 14 t(0,0) + 20 t(2,0) + 14 t(1,1) + 7 t(2,1) >= 1
 c(3): 14 t(0,0) + 24 t(2,0) + 7 t(1,1) + 11 t(2,1) >= 1
 c(4): 14 t(0,0) + 24 t(2,0) + 7 t(1,1) + 11 t(2,1) >= 1
 c(5): 26 t(0,0) + 24 t(2,0) + 7 t(1,1) + 11 t(2,1) >= 1
 c(6): 14 t(0,0) + 20 t(2,0) + 14 t(1,1) + 7 t(2,1) >= 1
 c(7): 14 t(0,0) + 20 t(2,0) + 14 t(1,1) + 7 t(2,1) >= 1
 c(8): 22 t(0,0) + 20 t(2,0) + 14 t(1,1) + 7 t(2,1) >= 1
 c(9): 22 t(0,0) + 20 t(2,0) + 14 t(1,1) + 7 t(2,1) >= 1
 c(10): 14 t(0,0) + 20 t(2,0) + 14 t(1,1) + 7 t(2,1) >= 1
 c(11): 22 t(0,0) + 20 t(2,0) + 14 t(1,1) + 7 t(2,1) >= 1
 c(12): 18 t(0,0) + 24 t(2,0) + 4 t(0,1) + 11 t(2,1) >= 1
 c(13): 18 t(0,0) + 24 t(2,0) + 4 t(0,1) + 11 t(2,1) >= 1
 c(14): 26 t(0,0) + 24 t(2,0) + 4 t(0,1) + 11 t(2,1) >= 1
 c(15): 25 t(0,0) + 17 t(2,0) + 11 t(0,1) + 4 t(2,1) >= 1
 c(16): 25 t(0,0) + 26 t(2,0) + 11 t(0,1) + 4 t(2,1) >= 1
 c(17): 25 t(0,0) + 17 t(2,0) + 11 t(0,1) + 4 t(2,1) >= 1
 c(18): 21 t(0,0) + 13 t(2,0) + 7 t(0,1) + 14 t(1,1) >= 1
 c(19): 21 t(0,0) + 13 t(2,0) + 7 t(0,1) + 14 t(1,1) >= 1
 c(20): 25 t(0,0) + 13 t(2,0) + 11 t(0,1) + 7 t(1,1) >= 1
 c(21): 21 t(0,0) + 22 t(2,0) + 7 t(0,1) + 14 t(1,1) >= 1
 c(22): 21 t(0,0) + 22 t(2,0) + 7 t(0,1) + 14 t(1,1) >= 1
 c(23): 21 t(0,0) + 13 t(2,0) + 7 t(0,1) + 14 t(1,1) >= 1
 c(24): 21 t(0,0) + 13 t(2,0) + 7 t(0,1) + 14 t(1,1) >= 1
 c(25): 21 t(0,0) + 22 t(2,0) + 7 t(0,1) + 14 t(1,1) >= 1
 c(26): 21 t(0,0) + 13 t(2,0) + 7 t(0,1) + 14 t(1,1) >= 1
 c(27): 25 t(0,0) + 13 t(2,0) + 11 t(0,1) + 7 t(1,1) >= 1
 c(28): 25 t(0,0) + 26 t(2,0) + 11 t(0,1) + 7 t(1,1) >= 1
 c(29): 25 t(0,0) + 13 t(2,0) + 11 t(0,1) + 7 t(1,1) >= 1
Bounds
End
