\Problem name: 

Minimize
OBJROW: 25.71429 t(2,1) + 21.71429 t(2,3) + 23.71429 t(0,3) + 28.71429 t(1,1)
Subject To
c(0):  20 t(2,1) + 20 t(2,3) + 12 t(0,3) + 28 t(1,1) >= 1
c(1):  20 t(2,1) + 20 t(2,3) + 12 t(0,3) + 15 t(1,1) >= 1
c(2):  28 t(0,1) + 20 t(2,1) + 12 t(2,3) + 28 t(0,3) + 15 t(1,1) >= 1
c(3):  24 t(0,1) + 16 t(2,1) + 12 t(2,3) + 24 t(0,3) + 34 t(1,1) >= 1
c(4):  20 t(0,1) + 30 t(2,1) + 28 t(2,3) + 20 t(0,3) + 15 t(1,1) >= 1
c(5):  20 t(0,1) + 30 t(2,1) + 12 t(2,3) + 20 t(0,3) + 15 t(1,1) >= 1
c(6):  29 t(0,1) + 16 t(2,1) + 12 t(2,3) + 29 t(0,3) + 24 t(1,1) >= 1
c(7):  20 t(2,1) + 12 t(2,3) + 16 t(0,3) + 15 t(1,1) >= 1
c(8):  16 t(2,1) + 12 t(2,3) + 16 t(0,3) + 24 t(1,1) >= 1
Bounds
End
