\Problem name: 

Minimize
OBJROW: 11.29514 t(0) + 2.40297 t(1) + 10.44068 t(2) + 8.13683 t(3)
Subject To
K(0):  10 t(0) + 11 t(1) + 18 t(2) + 27 t(3) >= 1
K(1):  10 t(0) + 11 t(1) + 21 t(2) + 18 t(3) >= 1
K(2):  10 t(0) + 20 t(1) + 11 t(2) + 27 t(3) >= 1
K(3):  10 t(0) + 23 t(1) + 11 t(2) + 20 t(3) >= 1
K(4):  10 t(0) + 14 t(1) + 21 t(2) + 11 t(3) >= 1
K(5):  10 t(0) + 23 t(1) + 14 t(2) + 11 t(3) >= 1
K(6):  10 t(0) + t(1) + 11 t(2) + 20 t(3) >= 1
K(7):  10 t(0) + t(1) + 14 t(2) + 11 t(3) >= 1
K(8):  17 t(0) + t(1) + 8 t(2) + 18 t(3) >= 1
K(9):  20 t(0) + t(1) + 8 t(2) + 17 t(3) >= 1
K(10):  11 t(0) + t(1) + 12 t(2) + 8 t(3) >= 1
K(11):  20 t(0) + t(1) + 11 t(2) + 8 t(3) >= 1
K(12):  10 t(0) + 11 t(1) + 18 t(3) >= 1
K(13):  10 t(0) + 14 t(1) + 11 t(3) >= 1
K(14):  16 t(0) + 9 t(1) + 17 t(3) >= 1
K(15):  19 t(0) + 9 t(1) + 16 t(3) >= 1
K(16):  12 t(0) + 13 t(1) + 9 t(3) >= 1
K(17):  19 t(0) + 12 t(1) + 9 t(3) >= 1
K(18):  10 t(0) + 11 t(1) + 18 t(2) + 7 t(3) >= 1
K(19):  10 t(0) + 20 t(1) + 11 t(2) + 7 t(3) >= 1
K(20):  17 t(0) + 10 t(1) + 18 t(2) + 7 t(3) >= 1
K(21):  26 t(0) + 10 t(1) + 17 t(2) + 7 t(3) >= 1
K(22):  19 t(0) + 20 t(1) + 10 t(2) + 7 t(3) >= 1
K(23):  26 t(0) + 19 t(1) + 10 t(2) + 7 t(3) >= 1
Bounds
End
